1000
29	48
60	57
49	44
91	62
29	72
43	70
82	49
90	42
53	40
79	59
98	72
30	68
60	31
24	39
52	43
35	40
93	15
72	16
39	65
21	54
33	60
61	32
65	27
41	18
53	59
40	26
27	74
22	24
53	51
36	20
54	44
51	53
81	66
20	61
94	66
37	49
53	20
65	28
55	65
45	32
21	74
99	54
37	15
46	71
97	44
67	52
71	70
37	56
48	67
61	57
35	44
30	48
61	56
81	15
53	63
77	49
43	69
26	40
59	59
54	60
62	19
84	41
40	50
94	44
89	67
89	48
46	52
27	46
89	40
31	47
38	34
61	25
81	16
46	59
87	62
35	52
56	60
33	22
74	56
43	70
80	31
30	47
94	24
39	55
84	47
65	18
67	68
62	27
64	53
73	29
41	26
71	19
74	29
28	49
56	73
88	25
30	28
81	72
35	73
39	51
83	54
94	32
38	22
22	48
37	72
65	17
22	18
72	49
70	18
89	56
24	54
36	65
75	38
94	37
29	49
21	50
51	18
55	51
40	35
88	48
36	47
48	45
51	63
31	18
65	27
45	23
28	47
64	22
56	20
68	65
35	55
55	53
94	74
71	73
69	18
45	32
35	33
58	45
44	57
55	67
39	67
84	69
40	68
57	65
60	33
32	25
79	16
48	47
27	57
65	39
34	25
55	45
91	16
94	62
25	17
85	59
72	58
66	34
89	47
51	17
60	62
57	33
92	23
63	25
95	71
52	50
30	16
76	19
54	32
21	28
96	55
82	42
59	39
61	15
54	17
73	48
45	46
92	38
76	23
68	59
58	60
87	22
70	28
68	52
22	45
91	49
60	24
27	65
20	74
84	44
69	46
79	69
41	65
42	51
30	33
49	32
74	31
79	26
86	54
86	31
84	68
98	70
32	20
24	24
55	18
50	57
46	21
29	72
21	71
87	61
95	74
59	57
30	50
91	29
53	68
20	35
33	47
75	58
63	63
80	25
83	22
33	18
95	54
96	49
32	62
34	67
85	18
45	63
51	31
83	48
36	63
79	47
24	17
63	62
53	38
52	27
35	55
98	64
86	41
81	43
70	34
26	52
77	22
62	21
38	67
46	31
21	26
97	73
49	52
20	69
29	25
31	60
51	73
75	23
25	44
98	72
60	33
93	67
78	22
85	70
60	40
64	47
24	23
34	74
76	15
56	26
54	67
48	42
34	34
38	59
55	38
23	59
91	37
81	57
41	19
39	29
84	19
51	56
69	51
76	30
83	56
53	18
22	61
62	53
96	42
76	40
91	19
58	21
50	64
71	56
49	43
77	52
80	27
51	36
57	54
87	49
69	73
96	60
97	74
77	21
87	22
79	63
50	64
48	59
67	32
45	63
96	15
91	33
97	62
44	64
51	25
32	32
69	22
84	70
29	58
31	38
28	46
87	28
78	69
40	70
88	54
80	26
47	17
69	51
26	53
82	25
73	68
77	55
97	41
35	29
22	41
69	66
31	70
76	41
34	54
66	18
63	37
97	59
53	73
95	50
61	26
86	43
95	72
77	27
84	24
40	32
77	15
91	39
22	68
22	40
46	25
54	40
24	58
70	32
94	73
39	74
60	50
78	64
68	23
93	26
36	44
70	15
51	32
46	47
58	48
76	47
95	46
40	35
81	39
53	28
46	40
42	64
93	31
82	22
42	19
84	68
97	65
37	65
63	39
22	61
51	20
84	37
42	57
24	73
47	38
24	27
77	56
88	61
37	63
27	22
61	27
40	39
79	63
65	20
44	40
83	36
49	53
86	28
69	68
63	27
37	63
82	68
21	51
33	31
99	41
69	59
45	69
40	25
87	38
70	43
30	72
74	70
67	56
86	19
88	52
32	34
41	68
92	57
54	36
52	23
70	32
28	66
83	18
23	43
51	54
51	28
41	19
26	30
29	66
43	33
82	20
53	36
42	33
58	41
99	47
79	43
99	44
87	65
88	64
30	47
72	36
74	26
38	70
23	26
84	53
67	49
25	20
49	47
90	59
66	44
65	51
57	66
93	69
38	62
38	29
52	33
78	60
72	40
53	28
30	35
40	31
70	35
95	24
53	69
29	33
96	22
38	53
97	18
90	64
42	34
75	30
97	49
39	32
87	33
54	72
29	54
68	29
39	32
98	22
92	60
59	35
73	70
42	31
25	20
82	51
62	50
95	63
72	74
45	18
28	54
45	21
58	24
34	32
61	15
51	55
25	60
94	46
85	36
67	17
43	72
37	59
62	64
53	47
77	62
66	30
97	70
21	29
54	38
88	45
79	74
81	19
76	21
62	61
72	39
98	32
51	31
81	23
55	49
66	54
79	53
65	58
53	23
76	23
79	56
27	40
60	20
43	32
36	23
23	40
42	54
90	33
85	32
88	56
32	67
83	66
85	27
80	20
53	17
72	48
51	38
21	73
45	48
82	33
99	43
94	32
61	24
49	20
81	31
92	22
42	16
99	66
90	28
69	33
46	26
90	24
59	44
22	68
70	69
98	30
60	48
76	56
95	45
47	54
86	54
46	23
31	46
42	37
52	24
26	20
94	43
97	62
66	61
83	17
30	43
57	66
43	53
68	58
45	32
93	37
90	72
57	54
88	59
21	72
36	53
59	42
86	67
46	16
66	69
28	24
76	33
61	35
36	43
88	45
93	47
24	21
39	57
37	73
20	33
94	65
81	64
86	43
98	15
21	39
44	50
31	39
35	60
73	50
55	22
57	37
91	45
23	54
67	38
37	22
73	36
21	31
97	31
51	67
57	17
49	27
56	41
35	35
52	53
92	44
22	52
62	67
87	48
95	30
82	25
91	50
82	69
79	71
65	67
55	70
48	62
29	38
81	30
93	42
44	57
40	71
58	58
27	17
86	23
54	40
46	23
27	31
31	61
53	48
76	30
81	46
36	74
31	29
60	23
29	49
70	44
95	19
94	71
29	19
84	57
29	40
54	15
67	28
75	65
40	74
87	37
79	18
95	58
78	44
66	65
62	56
21	66
83	64
34	16
48	26
72	35
79	15
30	34
27	26
51	70
63	55
90	22
78	30
79	68
29	27
37	52
59	72
33	40
53	49
37	60
22	55
58	18
46	45
69	59
94	51
70	47
27	54
44	66
84	68
30	47
26	32
92	23
98	16
88	62
86	57
93	45
97	53
90	67
35	64
83	28
70	74
96	45
65	55
62	65
72	34
69	46
55	55
73	59
81	35
25	33
71	64
93	28
75	21
65	42
81	40
72	73
27	69
91	20
47	38
65	33
59	16
30	45
26	38
26	32
97	23
28	66
80	44
66	63
26	59
84	42
28	19
25	28
72	53
54	46
82	50
51	37
81	60
84	52
75	39
31	33
23	31
59	52
45	63
37	51
46	20
21	51
66	21
36	39
96	68
88	41
96	47
60	37
79	58
27	15
74	72
28	55
67	44
53	64
67	41
93	66
53	64
35	56
65	62
83	53
63	38
73	62
63	56
48	44
81	21
90	49
76	27
94	37
98	35
20	20
75	38
85	46
98	15
21	23
48	64
84	71
95	41
56	32
42	33
29	69
31	70
24	43
64	35
31	27
90	63
76	28
83	57
96	24
65	23
85	47
73	28
31	72
44	70
71	30
81	53
27	55
37	21
95	61
46	35
97	53
89	64
40	47
29	49
32	28
59	32
77	23
59	49
38	70
82	21
34	52
75	67
55	29
77	16
20	56
80	25
86	28
34	25
74	66
97	51
86	58
81	39
81	43
93	72
34	53
89	16
99	28
32	35
96	74
50	15
85	20
65	43
57	34
56	44
96	34
92	38
95	25
41	42
87	31
28	72
45	60
87	37
85	58
33	51
25	64
36	56
57	72
82	59
32	33
95	42
21	40
99	66
79	43
26	64
97	57
60	55
91	39
74	18
40	27
72	59
31	66
54	22
28	27
92	74
50	46
44	47
46	54
95	68
81	73
70	35
71	35
70	36
46	46
83	18
41	58
59	72
71	26
44	25
99	66
80	46
65	20
55	41
52	72
48	29
57	62
43	31
65	34
28	62
37	18
84	49
53	65
77	54
22	35
92	22
47	61
91	68
37	21
80	47
92	26
96	37
34	48
68	44
54	28
50	34
27	45
96	71
24	25
28	58
50	62
52	18
24	28
91	56
91	38
23	43
64	48
91	16
28	41
52	66
39	28
37	63
97	49
22	65
86	72
87	18
99	17
33	22
82	69
45	72
73	69
68	17
33	69
81	47
69	70
86	52
81	30
58	24
65	51
27	43
34	18
88	70
64	74
58	46
50	61
39	26
29	41
34	34
70	25
71	17
85	44
38	68
30	27
42	58
63	16
64	25
85	65
81	52
24	55
58	25
55	29
32	65
75	53
60	34
26	24
62	38
96	17
73	56
85	72
84	35
76	59
98	36
38	18
50	31
73	48
41	72
75	43
68	49
46	38
36	44
76	72
71	38
59	24
37	61
33	20
83	20
89	23
57	56
40	62
68	52
40	28
200